# tími; hitastig; fan_on; duty_cycle; heater_on; oskgildi; error; sum_error, control_signal
0.43; 27.50; 0.00; 0.00; 1.00; 25.50; 2.00; 2.00; 0.00
2.86; 34.30; 1.00; 30.00; 1.00; 25.50; 8.80; 10.80; 30.00
5.30; 34.00; 1.00; 100.00; 1.00; 25.50; 8.50; 19.30; 168.43
7.73; 33.50; 1.00; 100.00; 1.00; 25.50; 8.00; 27.30; 125.89
10.17; 32.50; 1.00; 100.00; 1.00; 25.50; 7.00; 34.30; 117.32
12.60; 31.60; 1.00; 100.00; 1.00; 25.50; 6.10; 40.40; 99.64
15.04; 30.70; 1.00; 100.00; 1.00; 25.50; 5.20; 45.60; 86.68
17.49; 29.90; 1.00; 100.00; 1.00; 25.50; 4.40; 50.00; 73.18
19.92; 29.10; 1.00; 100.00; 1.00; 25.50; 3.60; 53.60; 61.71
22.35; 28.40; 1.00; 100.00; 1.00; 25.50; 2.90; 56.50; 49.71
24.79; 27.70; 1.00; 100.00; 1.00; 25.50; 2.20; 58.70; 39.75
29.54; 26.50; 1.00; 100.00; 1.00; 25.50; 1.00; 59.70; 29.25
31.98; 25.90; 1.00; 100.00; 1.00; 25.50; 0.40; 60.10; 8.57
34.42; 25.50; 1.00; 100.00; 1.00; 25.50; 0.00; 60.10; 2.79
36.85; 25.00; 0.00; 100.00; 1.00; 25.50; -0.50; 59.60; -2.14
39.29; 24.70; 0.00; 100.00; 1.00; 25.50; -0.80; 58.80; -10.18
41.72; 24.70; 0.00; 100.00; 1.00; 25.50; -0.80; 58.00; -13.61
44.15; 24.80; 0.00; 100.00; 1.00; 25.50; -0.70; 57.30; -12.00
48.98; 25.10; 0.00; 100.00; 1.00; 25.50; -0.40; 56.90; -9.96
53.85; 25.60; 0.00; 100.00; 1.00; 25.50; 0.10; 57.00; -4.39
56.28; 25.90; 1.00; 100.00; 1.00; 50.00; -24.10; 32.90; 4.18
58.70; 26.20; 0.00; 100.00; 1.00; 50.00; -23.80; 9.10; -491.14
61.11; 26.30; 0.00; 100.00; 1.00; 50.00; -23.70; -14.60; -355.39
75.61; 28.30; 0.00; 100.00; 1.00; 50.00; -21.70; -36.30; -354.96
80.47; 29.40; 0.00; 100.00; 1.00; 50.00; -20.60; -56.90; -314.79
92.61; 32.70; 0.00; 100.00; 1.00; 50.00; -17.30; -74.20; -303.11
95.04; 33.40; 0.00; 100.00; 1.00; 50.00; -16.60; -90.80; -241.82
112.03; 37.40; 0.00; 100.00; 1.00; 50.00; -12.60; -103.40; -245.25
116.90; 38.70; 0.00; 100.00; 1.00; 50.00; -11.30; -114.70; -167.57
119.33; 39.30; 0.00; 100.00; 1.00; 50.00; -10.70; -125.40; -162.54
121.75; 39.90; 0.00; 100.00; 1.00; 50.00; -10.10; -135.50; -157.29
124.19; 40.40; 0.00; 100.00; 1.00; 50.00; -9.60; -145.10; -148.29
126.62; 40.90; 0.00; 100.00; 1.00; 50.00; -9.10; -154.20; -141.32
129.05; 41.50; 0.00; 100.00; 1.00; 50.00; -8.50; -162.70; -133.82
131.49; 42.10; 0.00; 100.00; 1.00; 50.00; -7.90; -170.60; -124.29
133.87; 42.80; 0.00; 100.00; 1.00; 50.00; -7.20; -177.80; -115.29
136.31; 43.40; 0.00; 100.00; 1.00; 50.00; -6.60; -184.40; -104.25
138.75; 44.10; 0.00; 100.00; 1.00; 50.00; -5.90; -190.30; -95.79
141.19; 44.80; 0.00; 100.00; 1.00; 50.00; -5.20; -195.50; -84.75
143.62; 45.50; 0.00; 100.00; 1.00; 50.00; -4.50; -200.00; -74.25
146.04; 46.10; 0.00; 100.00; 1.00; 50.00; -3.90; -203.90; -63.75
148.48; 46.70; 0.00; 100.00; 1.00; 50.00; -3.30; -207.20; -55.29
150.92; 47.30; 0.00; 100.00; 1.00; 50.00; -2.70; -209.90; -46.29
153.35; 47.90; 0.00; 100.00; 1.00; 50.00; -2.10; -212.00; -37.29
155.78; 48.40; 0.00; 100.00; 1.00; 50.00; -1.60; -213.60; -28.29
158.22; 49.00; 0.00; 100.00; 1.00; 50.00; -1.00; -214.60; -21.32
160.65; 49.50; 0.00; 100.00; 1.00; 50.00; -0.50; -215.10; -11.79
163.09; 50.20; 0.00; 100.00; 1.00; 50.00; 0.20; -214.90; -4.82
165.52; 50.80; 1.00; 100.00; 1.00; 50.00; 0.80; -214.10; 6.75
167.91; 51.00; 1.00; 100.00; 1.00; 50.00; 1.00; -213.10; 15.21
192.14; 37.00; 1.00; 100.00; 1.00; 50.00; -13.00; -226.10; 16.07
194.57; 36.00; 0.00; 100.00; 1.00; 50.00; -14.00; -240.10; -270.00
197.01; 35.40; 0.00; 100.00; 1.00; 50.00; -14.60; -254.70; -215.36
199.46; 35.30; 0.00; 100.00; 1.00; 50.00; -14.70; -269.40; -222.21
201.89; 35.30; 0.00; 100.00; 1.00; 50.00; -14.70; -284.10; -221.04
204.32; 35.30; 0.00; 100.00; 1.00; 50.00; -14.70; -298.80; -220.50
206.75; 35.50; 0.00; 100.00; 1.00; 50.00; -14.50; -313.30; -220.50
209.18; 35.80; 0.00; 100.00; 1.00; 50.00; -14.20; -327.50; -216.43
211.62; 36.20; 0.00; 100.00; 1.00; 50.00; -13.80; -341.30; -211.39
214.05; 36.70; 0.00; 100.00; 1.00; 50.00; -13.30; -354.60; -204.86
216.49; 37.10; 0.00; 100.00; 1.00; 50.00; -12.90; -367.50; -196.82
218.92; 37.60; 0.00; 100.00; 1.00; 50.00; -12.40; -379.90; -191.36
221.35; 38.10; 0.00; 100.00; 1.00; 50.00; -11.90; -391.80; -183.32
223.78; 38.50; 0.00; 100.00; 1.00; 50.00; -11.50; -403.30; -175.82
226.22; 38.90; 0.00; 100.00; 1.00; 50.00; -11.10; -414.40; -170.36
228.65; 39.40; 0.00; 100.00; 1.00; 50.00; -10.60; -425.00; -164.36
231.08; 39.90; 0.00; 100.00; 1.00; 50.00; -10.10; -435.10; -156.32
233.51; 40.40; 0.00; 100.00; 1.00; 50.00; -9.60; -444.70; -148.82
235.94; 41.00; 0.00; 100.00; 1.00; 50.00; -9.00; -453.70; -141.32
238.37; 41.60; 0.00; 100.00; 1.00; 50.00; -8.40; -462.10; -131.79
257.79; 46.60; 0.00; 100.00; 1.00; 50.00; -3.40; -465.50; -122.79
262.66; 47.80; 0.00; 100.00; 1.00; 50.00; -2.20; -467.70; -24.21
294.15; 54.90; 0.00; 100.00; 1.00; 50.00; 4.90; -462.80; -26.57
298.95; 55.40; 1.00; 100.00; 1.00; 50.00; 5.40; -457.40; 111.54
301.36; 54.00; 1.00; 100.00; 1.00; 50.00; 4.00; -453.40; 83.68
303.80; 52.40; 1.00; 100.00; 1.00; 50.00; 2.40; -451.00; 52.50
306.24; 50.60; 1.00; 100.00; 1.00; 50.00; 0.60; -450.40; 27.43
308.67; 48.80; 0.00; 100.00; 1.00; 50.00; -1.20; -451.60; -0.64
311.10; 47.90; 0.00; 100.00; 1.00; 50.00; -2.10; -453.70; -27.64
313.54; 47.70; 0.00; 100.00; 1.00; 50.00; -2.30; -456.00; -36.32
315.97; 47.50; 0.00; 100.00; 1.00; 50.00; -2.50; -458.50; -35.57
318.40; 47.40; 0.00; 100.00; 1.00; 50.00; -2.60; -461.10; -38.57
320.84; 47.50; 0.00; 100.00; 1.00; 50.81; -3.31; -464.41; -39.54
323.27; 47.70; 0.00; 100.00; 1.00; 51.62; -3.92; -468.33; -53.48
325.70; 48.00; 0.00; 100.00; 1.00; 52.43; -4.43; -472.77; -62.11
328.14; 48.30; 0.00; 100.00; 1.00; 53.24; -4.94; -477.71; -69.22
330.57; 48.80; 0.00; 100.00; 1.00; 54.05; -5.25; -482.96; -76.91
332.99; 49.10; 0.00; 100.00; 1.00; 54.86; -5.76; -488.73; -80.46
335.42; 49.60; 0.00; 100.00; 1.00; 55.67; -6.07; -494.80; -89.18
337.84; 50.10; 0.00; 100.00; 1.00; 56.48; -6.38; -501.18; -92.71
340.28; 50.50; 0.00; 100.00; 1.00; 57.29; -6.79; -507.97; -97.34
342.71; 50.90; 0.00; 100.00; 1.00; 58.10; -7.20; -515.17; -104.05
345.14; 51.30; 0.00; 100.00; 1.00; 58.91; -7.61; -522.78; -110.22
347.57; 51.70; 0.00; 100.00; 1.00; 59.72; -8.02; -530.80; -116.37
352.43; 52.60; 0.00; 100.00; 1.00; 60.00; -7.40; -538.20; -122.55
354.87; 53.10; 0.00; 100.00; 1.00; 60.00; -6.90; -545.10; -107.66
359.72; 53.80; 0.00; 100.00; 1.00; 60.00; -6.20; -551.30; -100.82
381.41; -29.00; 0.00; 100.00; 1.00; 57.99; -86.99; -638.30; -89.25
383.85; 58.40; 0.00; 100.00; 1.00; 56.37; 2.03; -636.27; -1737.72
400.71; 49.40; 1.00; 100.00; 1.00; 45.13; 4.27; -632.00; 507.32
405.57; 46.50; 1.00; 100.00; 1.00; 41.89; 4.61; -627.38; 76.11
408.01; 45.00; 1.00; 100.00; 1.00; 40.26; 4.74; -622.65; 71.01
410.45; 43.60; 1.00; 100.00; 1.00; 40.00; 3.60; -619.05; 71.72
